446 0
201 0
206 0
200 0
188 0
227 0
181 0
172 0
241 0
205 0
176 0
166 0
177 0
166 0
151 0
181 0
172 0
159 0
163 0
156 0
210 0
153 0
178 0
162 0
160 0
169 0
161 0
178 0
162 0
157 0
165 0
175 0
158 0
204 0
181 0
165 0
173 0
182 0
205 0
168 0
156 0
163 0
161 0
157 0
162 0
156 0
177 0
161 0
248 0
182 0
169 0
148 0
155 0
169 0
204 0
177 0
163 0
164 0
159 0
162 0
163 0
165 0
163 0
176 0
170 0
164 0
161 0
187 0
170 0
179 0
164 0
155 0
164 0
164 0
162 0
177 0
169 0
178 0
171 0
157 0
147 0
155 0
182 0
165 0
178 0
167 0
161 0
167 0
169 0
167 0
204 0
196 0
189 0
174 0
192 0
158 0
160 0
207 0
217 0
184 0
