21496 1
21624 1
21728 1
21746 1
21718 1
21723 1
21687 1
22146 1
22341 1
22324 1
22198 1
22371 1
22290 1
22368 1
22409 1
22416 1
22342 1
22430 0
22471 1
22395 1
22597 0
22654 0
21746 0
23503 0
24168 0
1873 0
1967 0
2005 0
2137 0
2070 0
2244 0
2241 0
2300 0
2342 0
2336 0
2349 0
2387 0
2508 0
2548 0
2456 0
2535 0
2574 0
2582 0
2600 0
2614 0
2608 0
2637 0
2613 0
2522 0
2676 0
1913 0
1866 0
1917 0
1947 0
1975 0
2003 0
2086 0
2133 0
2181 0
2288 0
2328 0
2354 0
2355 0
2513 0
2601 0
2608 0
2619 0
2563 0
2659 0
2685 0
2748 0
2743 0
2736 0
2743 0
2743 0
1127 0
1179 0
1491 0
1526 0
1594 0
1605 0
1828 0
1911 0
2003 0
2000 0
2016 0
2034 0
2103 0
2126 0
2186 0
2175 0
2155 0
2218 0
2219 0
2219 0
2283 0
2279 0
2310 0
2315 0
2371 0
