1051 0
1062 0
1059 0
1068 0
1051 0
1078 0
1077 0
1077 0
1077 0
1086 0
611 0
619 0
619 0
726 0
733 0
777 0
785 0
795 0
831 0
870 0
497 0
519 0
564 0
590 0
674 0
736 0
795 0
793 0
802 0
854 0
635 0
648 0
666 0
706 0
754 0
766 0
765 0
794 0
795 0
809 0
508 0
612 0
607 0
616 0
697 0
720 0
721 0
743 0
741 0
737 0
626 0
746 0
820 0
850 0
1027 0
994 0
1047 0
1057 0
1062 0
1099 0
639 0
713 0
737 0
794 0
645 0
831 0
844 0
876 0
881 0
909 0
513 0
591 0
597 0
670 0
698 0
699 0
704 0
713 0
763 0
803 0
513 0
633 0
647 0
649 0
701 0
736 0
753 0
804 0
807 0
816 0
623 0
619 0
628 0
686 0
701 0
725 0
776 0
789 0
817 0
848 0
