1815 0
46425 1
46445 1
47997 1
48002 1
48003 1
49067 1
49067 1
98831 1
98857 1
107971 1
107956 1
108435 1
108441 1
108445 1
108434 1
108416 1
108481 1
108468 1
108487 1
108489 1
108519 1
108527 1
108662 1
108831 1
108838 1
109754 1
109876 1
109909 1
109953 0
49174 1
49119 1
49863 1
70843 1
70829 1
70830 1
70838 1
70803 1
70916 1
70839 1
70845 1
70944 1
70910 1
70946 1
70915 1
70945 1
70926 1
71038 1
71224 1
71277 1
71292 1
71854 1
131355 1
131350 1
145762 1
167892 1
167871 1
170148 1
173030 1
173604 1
