453 0 2
461 0 3
472 0 1
478 0 4
478 0 5
263 0 2
277 0 1
341 0 3
330 0 5
392 0 4
249 0 2
305 0 1
296 0 3
340 0 5
298 0 4
200 0 2
220 0 1
232 0 3
265 0 5
221 0 4
192 0 2
202 0 3
275 0 1
234 0 4
250 0 5
185 0 2
194 0 1
212 0 3
252 0 4
275 0 5
194 0 2
204 0 1
205 0 3
170 0 4
185 0 5
176 0 2
164 0 1
185 0 3
191 0 4
228 0 5
174 0 2
197 0 1
216 0 3
230 0 4
190 0 5
180 0 2
167 0 1
201 0 3
176 0 4
204 0 5
151 0 2
147 0 1
180 0 3
193 0 4
184 0 5
190 0 2
185 0 1
157 0 3
172 0 4
185 0 5
159 0 2
150 0 1
167 0 3
218 0 4
216 0 5
187 0 2
160 0 1
168 0 3
206 0 4
207 0 5
158 0 2
164 0 1
171 0 3
156 0 4
192 0 5
178 0 2
182 0 1
181 0 3
155 0 4
201 0 5
177 0 2
172 0 1
170 0 3
155 0 4
193 0 5
176 0 2
178 0 1
170 0 3
157 0 4
178 0 5
173 0 2
184 0 1
179 0 3
152 0 4
156 0 5
163 0 2
174 0 1
171 0 3
163 0 4
202 0 5
176 0 2
199 0 1
190 0 3
180 0 4
178 0 5
183 0 2
191 0 1
171 0 3
191 0 4
172 0 5
144 0 2
166 0 1
189 0 3
185 0 4
174 0 5
153 0 2
165 0 1
165 0 3
183 0 4
195 0 5
161 0 2
173 0 1
183 0 3
193 0 4
147 0 5
176 0 2
173 0 1
182 0 3
165 0 4
175 0 5
182 0 2
184 0 1
186 0 3
171 0 4
189 0 5
169 0 2
141 0 1
172 0 3
163 0 4
167 0 5
193 0 2
171 0 1
175 0 3
183 0 4
178 0 5
193 0 2
177 0 1
160 0 3
204 0 4
198 0 5
181 0 2
167 0 1
180 0 3
152 0 4
193 0 5
166 0 2
168 0 1
192 0 3
169 0 4
159 0 5
164 0 2
160 0 1
164 0 3
159 0 4
200 0 5
180 0 2
187 0 1
197 0 3
181 0 4
163 0 5
171 0 2
160 0 1
198 0 3
190 0 4
174 0 5
190 0 2
166 0 1
173 0 3
176 0 4
207 0 5
198 0 2
210 0 1
172 0 3
190 0 4
164 0 5
175 0 2
163 0 1
225 0 3
204 0 4
226 0 5
188 0 2
224 0 1
183 0 3
193 0 4
171 0 5
180 0 2
187 0 1
198 0 3
175 0 4
213 0 5
158 0 2
170 0 1
186 0 3
203 0 4
170 0 5
159 0 2
188 0 1
162 0 3
185 0 4
169 0 5
173 0 2
193 0 1
170 0 3
181 0 4
193 0 5
169 0 2
203 0 1
157 0 3
168 0 4
156 0 5
165 0 2
163 0 1
168 0 3
174 0 4
180 0 5
173 0 2
161 0 1
178 0 3
171 0 4
202 0 5
176 0 2
171 0 1
167 0 3
157 0 4
168 0 5
181 0 2
164 0 1
179 0 3
167 0 4
214 0 5
176 0 2
173 0 1
158 0 3
229 0 4
166 0 5
164 0 2
163 0 1
153 0 3
177 0 4
173 0 5
158 0 2
160 0 1
162 0 3
179 0 4
171 0 5
197 0 2
177 0 1
175 0 3
147 0 4
183 0 5
365 0 2
541 0 1
583 0 3
408 0 4
253 0 5
220 0 2
179 0 1
188 0 3
213 0 4
197 0 5
182 0 2
168 0 1
162 0 3
175 0 4
190 0 5
187 0 2
154 0 1
156 0 3
202 0 4
178 0 5
176 0 2
173 0 1
173 0 3
184 0 4
185 0 5
405 0 2
267 0 1
219 0 3
208 0 4
231 0 5
159 0 2
158 0 1
202 0 3
188 0 4
165 0 5
150 0 2
180 0 1
160 0 3
183 0 4
169 0 5
156 0 2
156 0 1
231 0 3
233 0 4
246 0 5
163 0 2
169 0 1
188 0 3
190 0 4
181 0 5
166 0 2
197 0 1
175 0 3
186 0 4
171 0 5
168 0 2
186 0 1
166 0 3
200 0 4
184 0 5
167 0 2
179 0 1
181 0 3
165 0 4
173 0 5
170 0 2
166 0 1
182 0 3
190 0 4
172 0 5
175 0 2
166 0 1
169 0 3
150 0 4
163 0 5
159 0 2
168 0 1
166 0 3
166 0 4
162 0 5
188 0 2
187 0 1
167 0 3
159 0 4
163 0 5
190 0 2
168 0 1
172 0 3
199 0 4
194 0 5
163 0 2
156 0 1
164 0 3
171 0 4
218 0 5
174 0 2
164 0 1
187 0 3
170 0 4
189 0 5
166 0 2
206 0 1
198 0 3
185 0 4
167 0 5
184 0 2
189 0 1
161 0 3
200 0 4
168 0 5
169 0 2
149 0 1
176 0 3
174 0 4
201 0 5
169 0 2
171 0 1
157 0 3
168 0 4
191 0 5
184 0 2
161 0 1
169 0 3
198 0 4
167 0 5
154 0 2
159 0 1
197 0 3
172 0 4
166 0 5
177 0 2
182 0 1
162 0 3
160 0 4
163 0 5
166 0 2
174 0 1
167 0 3
176 0 4
197 0 5
178 0 2
180 0 1
154 0 3
147 0 4
186 0 5
188 0 2
182 0 1
169 0 3
291 0 4
190 0 5
170 0 2
180 0 1
187 0 3
157 0 4
181 0 5
171 0 2
165 0 1
169 0 3
165 0 4
193 0 5
197 0 2
184 0 1
170 0 3
182 0 4
169 0 5
165 0 2
207 0 1
164 0 3
171 0 4
205 0 5
1354 0 2
1463 0 4
1741 0 3
1287 0 5
2005 0 1
156 0 2
256 0 3
289 0 4
311 0 5
366 0 1
181 0 2
212 0 3
224 0 4
274 0 5
339 0 1
202 0 2
194 0 3
210 0 4
195 0 5
185 0 1
192 0 2
193 0 3
237 0 4
347 0 5
273 0 1
277 0 2
196 0 3
235 0 4
187 0 5
221 0 1
217 0 2
157 0 3
160 0 4
190 0 5
194 0 1
242 0 2
157 0 3
172 0 4
191 0 5
195 0 1
201 0 2
198 0 3
192 0 4
216 0 5
238 0 1
184 0 2
154 0 3
165 0 4
193 0 5
179 0 1
180 0 2
173 0 3
188 0 4
174 0 5
167 0 1
179 0 2
168 0 3
162 0 4
163 0 5
223 0 1
226 0 2
157 0 3
166 0 4
162 0 5
155 0 1
183 0 2
182 0 3
204 0 4
251 0 5
223 0 1
204 0 2
179 0 3
217 0 4
499 0 2
698 0 5
586 0 1
186 0 3
173 0 4
228 0 2
226 0 5
228 0 1
187 0 3
150 0 4
225 0 2
250 0 1
262 0 5
188 0 3
200 0 4
237 0 2
213 0 1
286 0 5
274 0 3
224 0 4
213 0 1
215 0 2
220 0 5
204 0 3
174 0 4
170 0 1
188 0 2
200 0 5
202 0 3
186 0 4
196 0 1
236 0 2
192 0 5
179 0 3
196 0 4
179 0 1
194 0 2
196 0 5
215 0 3
166 0 4
168 0 1
227 0 2
264 0 5
266 0 4
256 0 3
205 0 1
226 0 2
189 0 5
243 0 4
257 0 3
167 0 1
165 0 2
206 0 5
186 0 4
177 0 3
190 0 1
178 0 2
191 0 5
190 0 4
218 0 3
181 0 1
185 0 2
171 0 5
161 0 4
177 0 3
167 0 1
182 0 2
216 0 5
198 0 4
219 0 3
171 0 1
174 0 2
185 0 5
187 0 4
201 0 3
178 0 1
176 0 2
164 0 5
176 0 4
211 0 3
200 0 1
180 0 2
177 0 5
155 0 4
171 0 3
176 0 1
173 0 2
177 0 5
191 0 4
183 0 3
193 0 1
191 0 2
206 0 5
189 0 4
166 0 3
153 0 1
162 0 2
163 0 5
191 0 4
188 0 3
223 0 1
280 0 2
210 0 5
182 0 4
199 0 3
189 0 1
189 0 2
188 0 5
183 0 4
189 0 3
182 0 1
168 0 2
202 0 5
183 0 4
156 0 3
147 0 1
178 0 2
188 0 5
203 0 4
235 0 3
163 0 1
164 0 2
241 0 5
238 0 4
249 0 3
186 0 1
153 0 2
206 0 5
202 0 4
177 0 3
165 0 1
160 0 2
169 0 5
201 0 4
199 0 3
175 0 1
190 0 2
208 0 5
193 0 4
186 0 3
169 0 1
190 0 2
162 0 5
224 0 4
188 0 3
159 0 1
183 0 2
165 0 5
166 0 4
183 0 3
167 0 1
170 0 2
206 0 5
244 0 4
224 0 3
168 0 1
177 0 2
182 0 5
170 0 4
200 0 3
171 0 1
178 0 2
204 0 5
247 0 4
213 0 3
164 0 1
177 0 2
161 0 5
171 0 4
236 0 3
199 0 1
175 0 2
169 0 5
157 0 4
182 0 3
209 0 1
167 0 2
184 0 5
202 0 4
186 0 3
160 0 1
169 0 2
177 0 5
175 0 4
194 0 3
174 0 1
157 0 2
197 0 5
166 0 4
174 0 3
157 0 1
161 0 2
170 0 5
161 0 4
151 0 3
213 0 1
173 0 2
151 0 5
223 0 4
232 0 3
172 0 1
173 0 2
174 0 5
162 0 4
190 0 3
189 0 1
177 0 2
180 0 5
165 0 4
180 0 3
163 0 1
170 0 2
182 0 5
182 0 4
193 0 3
190 0 1
158 0 2
190 0 5
166 0 4
184 0 3
165 0 1
178 0 2
173 0 5
145 0 4
211 0 3
211 0 1
178 0 2
170 0 5
172 0 4
165 0 3
184 0 1
157 0 2
157 0 5
159 0 4
186 0 3
177 0 1
153 0 2
209 0 5
180 0 4
183 0 3
174 0 1
192 0 2
183 0 5
188 0 4
263 0 3
242 0 1
236 0 2
203 0 5
182 0 4
166 0 3
162 0 1
174 0 2
173 0 5
178 0 4
169 0 3
178 0 1
170 0 2
171 0 5
178 0 4
163 0 3
172 0 1
169 0 2
151 0 5
168 0 4
181 0 3
174 0 1
209 0 2
200 0 5
193 0 4
169 0 3
205 0 1
174 0 2
189 0 5
184 0 4
157 0 3
192 0 1
183 0 2
167 0 5
211 0 4
173 0 3
170 0 1
184 0 2
160 0 5
156 0 4
163 0 3
190 0 1
194 0 2
169 0 5
175 0 4
202 0 3
158 0 1
162 0 2
170 0 5
194 0 4
186 0 3
167 0 1
200 0 2
190 0 5
178 0 4
147 0 3
177 0 1
193 0 2
154 0 5
185 0 4
171 0 3
156 0 1
171 0 2
158 0 5
160 0 4
149 0 3
166 0 1
173 0 2
204 0 5
169 0 4
171 0 3
170 0 1
158 0 2
183 0 5
170 0 4
193 0 3
163 0 1
173 0 2
167 0 5
172 0 4
208 0 3
172 0 1
183 0 2
153 0 5
171 0 4
182 0 3
185 0 1
182 0 2
147 0 5
182 0 4
167 0 3
160 0 1
173 0 2
151 0 5
171 0 4
177 0 3
214 0 1
174 0 2
161 0 5
186 0 4
209 0 3
204 0 1
190 0 2
150 0 5
178 0 4
180 0 3
172 0 1
171 0 2
174 0 5
166 0 4
202 0 3
485 0 1
503 0 2
438 0 5
258 0 4
155 0 3
183 0 1
199 0 2
189 0 5
194 0 4
183 0 3
162 0 1
186 0 2
155 0 5
217 0 4
188 0 3
177 0 1
163 0 2
169 0 5
175 0 4
176 0 3
177 0 1
149 0 2
177 0 5
154 0 4
159 0 3
177 0 1
157 0 2
151 0 5
164 0 4
172 0 3
195 0 1
167 0 2
156 0 5
159 0 4
170 0 3
150 0 1
163 0 2
195 0 5
174 0 4
156 0 3
159 0 1
166 0 2
199 0 5
182 0 4
258 0 3
172 0 1
150 0 2
147 0 5
174 0 4
167 0 3
167 0 1
175 0 2
153 0 5
182 0 4
178 0 3
164 0 1
202 0 2
170 0 5
167 0 4
201 0 3
155 0 1
163 0 2
168 0 5
167 0 4
202 0 3
203 0 1
159 0 2
169 0 5
169 0 4
151 0 3
191 0 1
185 0 2
171 0 5
161 0 4
185 0 3
178 0 1
196 0 2
181 0 5
166 0 4
184 0 3
161 0 1
189 0 2
180 0 5
168 0 4
188 0 3
186 0 1
169 0 2
224 0 5
219 0 4
176 0 3
152 0 1
181 0 2
175 0 5
175 0 4
198 0 3
162 0 1
174 0 2
176 0 5
168 0 4
156 0 3
203 0 1
195 0 2
174 0 5
169 0 4
163 0 3
168 0 1
177 0 2
166 0 5
217 0 4
201 0 3
203 0 1
180 0 2
175 0 5
164 0 4
166 0 3
193 0 1
167 0 2
173 0 5
158 0 4
178 0 3
184 0 1
215 0 2
177 0 5
188 0 4
209 0 3
203 0 1
175 0 2
181 0 5
152 0 4
177 0 3
163 0 1
168 0 2
186 0 5
191 0 4
163 0 3
169 0 1
183 0 2
159 0 5
184 0 4
190 0 3
201 0 1
166 0 2
160 0 5
192 0 4
186 0 3
162 0 1
154 0 2
178 0 5
197 0 4
166 0 3
163 0 1
166 0 2
204 0 5
195 0 4
159 0 3
184 0 1
161 0 2
177 0 5
165 0 4
182 0 3
162 0 1
181 0 2
159 0 5
167 0 4
182 0 3
165 0 1
159 0 2
174 0 5
204 0 4
165 0 3
165 0 1
191 0 2
191 0 5
182 0 4
178 0 3
169 0 1
176 0 2
162 0 5
197 0 4
158 0 3
191 0 1
162 0 2
201 0 5
209 0 4
156 0 3
170 0 1
170 0 2
186 0 5
164 0 4
170 0 3
173 0 1
160 0 2
158 0 5
202 0 4
188 0 3
177 0 1
158 0 2
195 0 5
180 0 4
206 0 3
174 0 1
211 0 2
190 0 5
166 0 4
186 0 3
165 0 1
176 0 2
173 0 5
192 0 4
191 0 3
182 0 1
173 0 2
161 0 5
185 0 4
223 0 3
191 0 1
166 0 2
196 0 5
191 0 4
176 0 3
188 0 1
181 0 2
161 0 5
174 0 4
175 0 3
149 0 1
172 0 2
174 0 5
150 0 4
180 0 3
186 0 1
191 0 2
191 0 5
166 0 4
198 0 3
183 0 1
170 0 2
162 0 5
163 0 4
157 0 3
186 0 1
173 0 2
170 0 5
197 0 4
190 0 3
162 0 1
153 0 2
190 0 5
156 0 4
186 0 3
174 0 1
172 0 2
176 0 5
148 0 4
165 0 3
176 0 1
163 0 2
160 0 5
169 0 4
191 0 3
208 0 1
192 0 2
175 0 5
158 0 4
172 0 3
175 0 1
215 0 2
190 0 5
160 0 4
158 0 3
166 0 1
172 0 2
180 0 5
183 0 4
163 0 3
183 0 1
196 0 2
162 0 5
179 0 4
180 0 3
188 0 1
180 0 2
161 0 5
164 0 4
185 0 3
160 0 1
173 0 2
166 0 5
174 0 4
156 0 3
163 0 1
173 0 2
175 0 5
156 0 4
169 0 3
162 0 1
174 0 2
164 0 5
300 0 4
162 0 3
149 0 1
178 0 2
187 0 5
183 0 4
169 0 3
155 0 1
160 0 2
182 0 5
176 0 4
183 0 3
212 0 1
269 0 2
196 0 5
174 0 4
175 0 3
439 0 1
615 0 2
513 0 5
357 0 4
238 0 3
174 0 1
189 0 2
235 0 5
219 0 4
204 0 3
159 0 1
178 0 2
227 0 5
196 0 4
192 0 3
172 0 1
164 0 2
180 0 5
176 0 4
199 0 3
180 0 1
165 0 2
189 0 5
224 0 4
206 0 3
150 0 1
151 0 2
160 0 5
169 0 4
177 0 3
220 0 1
178 0 2
214 0 5
243 0 4
211 0 3
158 0 1
213 0 2
169 0 5
175 0 4
198 0 3
173 0 1
156 0 2
174 0 5
169 0 4
211 0 3
163 0 1
174 0 2
174 0 5
218 0 4
209 0 3
187 0 1
200 0 2
155 0 5
167 0 4
199 0 3
168 0 1
170 0 2
173 0 5
163 0 4
182 0 3
175 0 1
163 0 2
175 0 5
171 0 4
170 0 3
171 0 1
214 0 2
183 0 5
169 0 4
168 0 3
170 0 1
